9.6	5009																																																																										
10	21093																																																																										
10.5	13007	13034	14005	15008	17022	22056																																																																					
10.7	4006	9033	12043	12029	12044	14020	14006	14033	15012	15018	15041	16005	21051	21057	21085	21034	22002	22006	22032	22030																																																							
11	4002	5017	6013	8016	9008	9015	9022	9025	10017	10032	13005	13010	13017	13037	14036	15028	16003	16017	17042	18005	19060	19036	20042	20001	20011	21024	21056	21061	22001	22070	22009																																												
11.2	5008	7015	9012	9029	10004	10024	10028	10030	11003	11009	11019	12035	12005	12016	12023	12024	12028	13016	13004	13015	13026	13038	14011	16006	16015	16019	16024	16033	17011	17016	17017	17043	17048	18004	18007	18035	18053	18054	19009	19055	20041	20049	20080	20021	20024	20043	20034	20077	21059	21077	21049	21080	21088	21027	21032	22058	22008	22036	22045	22059	22028														
11.4	1005	3009	4009	8026	10027	11024	11005	11021	12002	12004	12017	12039	13002	13027	13033	14022	15038	16020	16023	16045	17001	15008	17029	17031	17032	18040	18014	18015	18027	18039	18046	18049	18055	19070	19048	19054	20062	20004	20090	20010	20055	20025	20087	20081	20052	20083	21079	21052	21006	21065	21016	21018	21021	21046	21028	21070	22004	22067	22057	22066	22011	22044													
11.6	1005	3009	4006	4023	5010	5015	5018	5020	6016	7001	7011	7022	8018	10008	10009	10033	11023	12027	12037	13042	13011	14026	15026	15011	15016	15022	15039	15043	16043	16004	16007	16009	16037	16041	17002	17008	17018	17027	18010	18017	18032	18037	18043	18058	18060	19001	19024	19040	19045	19050	19072	19073	19063	20002	20069	20006	20036	20048	20068	20071	20031	20057	21002	21091	21004	21007	21017	21020	21053	21063	21045	22068	22033	22037	22020
11.8	3007	6011	6018	8013	8023	9030	12001	14028	15023	15037	16028	16031	16038	17040	18036	18057	19002	19004	19037	19044	19062	20035	20028	21039	21089	22048	22042																																																
12	8029	16021	16044	18002	19008	19022	20015	20018	20092	21003	21012	22047																																																															
