11	4008	6014	9026	9031	11015	11029	14040	16001	16037	17004	18022	18053	18067	19006	19049	20022	20042	20041	22015
10.9	1005	4001	4015	6006	8027	9019	10013	10014	10017	11011	12011	12041	13002	13020	13026	13029	15018	15023	15037	15047	16014	16017	16038	17021	17029	17038	18035	18058	19004	19027	19067	20003	20011	20039	20051	20023	21051	21021	21042	21055
10.8	3012	7019	7025	9020	10008	10016	10024	11001	12007	12025	12043	13001	13028	13044	14004	14022	15011	15013	15015	15051	16029	16034	17019	17042	17053	18008	18037	19016	19021	19036	19061	19072	20002	20040	20082	20094	20085	20093	21028
10.8(☆9)	21075
10.7	4003	5010	5017	7024	8016	8032	9022	9023	9024	9033	10004	10035	12003	12027	12026	12029	13008	14002	14031	14043	15010	15028	15042	16023	16032	16047	17003	17010	17011	17041	17043	18019	18039	18046	19034	19038	19052	20067	20086	20021	20024	20084	20083	20088	21001
10.6	6004	7021	8025	9001	9013	9016	9029	10024	10025	11021	11027	12002	12004	12006	12007	12014	12024	12028	12031	12037	12038	13016	13022	13030	14013	15039	16011	16036	16048	17022	17023	17025	17033	17037	18016	18045	18056	19018	19019	19041	19044	19051	19060	19068	19069	19070	19071	20070	20007	20080	20010	20073	20055	20058	20061	20087	20027	20045	20043	20066	20034	20078	20033	21026	21081	21030	21047
10.5	0002	7001	8009	9008	10001	11007	12008	12012	14026	14027	14045	15012	15020	15043	16004	16012	16041	17015	18012	18029	18060	19012	19014	19031	19062	20046	20092	20095	20076	21022	21032	21033
10.4	5020	9004	9015	9027	10019	10028	12018	12034	12035	13025	13034	13038	14008	14015	14035	14047	15003	15005	15022	15025	15035	16006	16007	16020	16030	16033	17028	17031	17032	17048	17057	18002	18003	18051	18055	18061	18069	19042	19047	20038	20065	20025	20059	20068	20056	21058	21040	21048	22046
10.3	4002	7023	7025	10030	11010	12001	12023	12032	13005	13009	13023	14006	14026	15014	15034	15049	17006	17007	17017	17027	18013	18015	18021	18050	18052	19025	19030	20053	20014	20037	20047	20050	20060	20089	21057
10.2	6016	9007	9011	9018	10005	10012	11004	12013	13006	13015	13018	13024	13040	14007	14011	14018	14039	15002	15041	16040	18006	18028	18038	19015	19023	20091	22021
10.1	4018	5007	9001	11024	12017	12042	13004	13033	15008	16010	17013	18031	19028	20075	21023	21031
-	21050	21077	21035	21065	21087	21076	21089	21080	21074	21044	21084	21062	21090	21085	21083	21082	22003	22051	22007	22039	22036	22043	22048	22014	22016	22017	22038	22019	22047	22040	22026	22028	22030	22052	22022	22027