12	10001	12022	14035	15013	15022	16019	16037	16043	18007	18025	18042	18068	19024	21075	21004
12(☆10)	21014
11.9	7020	7021	11006	13030	14029	15010	15037	16005	17002	17008	17011	18001	18027	18036	18052	18054	19001	19002	19008	19063	20062	20090	20009	20015	20036	20048	20092	20072	21002	21052	21012	21018	21024	21079
11.8	4006	8013	10025	11015	12044	13016	13028	13033	15016	15039	15041	16025	16031	16038	17016	17040	18049	18063	19022	19045	19055	20069	20047	20068	
11.7	3004	6010	10009	10028	11013	12027	14010	14030	15009	15026	16003	16009	16020	17014	17023	18004	18017	19048	19050	19073	20006	20018	20057	21003	21020	21025	21046	21036	21081	2105420071	20077	21007	21016	21053	21043	21045	22046	22034
11.6	6012	12015	12037	13022	13040	14019	15001	15006	15021	15035	15038	15043	17017	17035	18032	18055	19037	19065	20049	21006	21008	21049	21039	21017	21029
11.5	11003	11031	11034	12005	13009	13017	13027	14033	14036	16004	16028	16041	17001	17020	17047	18034	19040	20028
11.4	8029	9025	9028	10033	11008	12001	12004	13007	13031	14018	15031	16015	17030	17032	18040	18043	19038	20004	20031	21041
11.3	3007	8007	8023	11005	11023	11024	12017	12039	13042	14014	14020	15002	18005	20001	20074	21011	21059	21027
11.2	8014	8020	11019	11025	11028	14028	17012	17037	18010	20081	20052	21056
11.1	6011	6016	10021	10023	13011	14003	16021	17018	18014	18041	21037	21034
-	21072	21061	21091	21064	21093	21088	21063	21086	21092	21070	22033	22001	22002	22004	22037	22041	22006	22008	22009	22010	22012	22013	22020	22042	22029	22032	22044	22025